ef      recall  time_us_per_query       qps
10      0.47832 541.951 1845.19
11      0.49723 559.942 1785.9
12      0.51447 593.701 1684.35
13      0.52912 603.026 1658.3
14      0.54336 624.684 1600.81
15      0.55723 656.513 1523.2
16      0.56977 665.567 1502.48
17      0.58159 698.693 1431.24
18      0.59196 704.62  1419.2
19      0.60233 724.39  1380.47
20      0.612   755.408 1323.79
21      0.62135 763.623 1309.55
22      0.62987 794.289 1258.99
23      0.63791 802.236 1246.52
24      0.64564 832.085 1201.8
25      0.65326 838.315 1192.87
26      0.6606  868.914 1150.86
27      0.6681  875.136 1142.68
28      0.67416 905.641 1104.19
29      0.67968 911.425 1097.18
30      0.68519 941.808 1061.79
40      0.7343  1114.42 897.324
50      0.76848 1300.41 768.986
60      0.79498 1472.21 679.251
70      0.81666 1639.72 609.861
80      0.83422 1805.52 553.857
90      0.84884 1970.5  507.486
100     0.86091 2134.63 468.465
140     0.89452 2798.52 357.332
180     0.91586 3762.41 265.787
220     0.93082 3762.07 265.811
260     0.9411  4330.24 230.934
300     0.94881 4896.33 204.234
340     0.95471 5447.02 183.587
380     0.95963 5995.76 166.784
420     0.96346 6539.77 152.911
460     0.96686 7072.26 141.397
